# colour palettes for analysis

cbp1 <- c("#999999", "#E69F00", "#56B4E9", "#CC79A7",
          "#F0E442", "#0072B2", "#D55E00", "#009E73")


default.col <-  c("#F8766D", "#00BFC4", "#7CAE00", "#C77CFF")


cbp5 <- c("#999999", "#E69F00", "#56B4E9", "#CC79A7", "#009E73")


cbp15 <- c("#68023F",
           "#008169",
           "#EF0096",
           "#00DCB5",
           "#FFCFE2",
           "#003C86",
           "#9400E6",
           "#009FFA",
           "#FF71FD",
           "#7CFFFA",
           "#6A0213",
           "#008607",
           "#F60239",
           "#00E307",
           "#FFDC3D")
